[gd_scene load_steps=40 format=3 uid="uid://i8r2m0h57x57"]

[ext_resource type="PackedScene" uid="uid://byy2i68ydoi8d" path="res://Assets/Reindeer.gltf" id="1_34b0x"]
[ext_resource type="Script" uid="uid://cocohxcqvp1m4" path="res://Assets/reindeer_with_upgrades.gd" id="2_7wal2"]
[ext_resource type="Script" uid="uid://ckmgjgvldw4r4" path="res://Scripts/upgrades/upgrade.gd" id="2_16e41"]
[ext_resource type="PackedScene" uid="uid://bjqetj7ue2x0s" path="res://Scenes/upgrades/rockets_1.tscn" id="3_7wal2"]
[ext_resource type="PackedScene" uid="uid://cn7emesd4b0ub" path="res://Scenes/player/pellet_producer.tscn" id="3_tkeya"]
[ext_resource type="PackedScene" uid="uid://drl0iy354d6uv" path="res://Scenes/upgrades/wings.tscn" id="4_0xbmk"]
[ext_resource type="Resource" uid="uid://cb6438vv0gdpi" path="res://Scripts/upgrades/rocket.tres" id="5_kqnlp"]
[ext_resource type="PackedScene" uid="uid://c5ppbopa82kik" path="res://Assets/elf.gltf" id="6_tyukh"]
[ext_resource type="Resource" uid="uid://dbkq6x3h6him5" path="res://Scripts/upgrades/wings.tres" id="7_vlw85"]
[ext_resource type="Resource" uid="uid://d3yx2qjrylqse" path="res://Scripts/upgrades/antlers_big.tres" id="10_tp044"]
[ext_resource type="Resource" uid="uid://diesm5f71fu8x" path="res://Scripts/upgrades/antlers_small.tres" id="11_ebm55"]
[ext_resource type="Resource" uid="uid://5y66yrwidgai" path="res://Scripts/upgrades/collar.tres" id="12_bdedn"]
[ext_resource type="Resource" uid="uid://dbe41hj187ejm" path="res://Scripts/upgrades/ornaments.tres" id="13_u1qbl"]
[ext_resource type="AudioStream" uid="uid://cpy10da4uw201" path="res://Assets/audio/sfx/VB GWJ 88 - jingle bell loop.wav" id="14_bdedn"]

[sub_resource type="StandardMaterial3D" id="StandardMaterial3D_bdedn"]
albedo_color = Color(0, 0, 0, 1)
emission_enabled = true
emission = Color(0.8, 0, 0, 1)

[sub_resource type="SphereMesh" id="SphereMesh_u1qbl"]
material = SubResource("StandardMaterial3D_bdedn")
radius = 0.01
height = 0.02
radial_segments = 8
rings = 4

[sub_resource type="StandardMaterial3D" id="StandardMaterial3D_shkaw"]
albedo_color = Color(0, 0, 0, 1)
emission_enabled = true
emission = Color(0.8, 0, 0, 1)

[sub_resource type="StandardMaterial3D" id="StandardMaterial3D_g3w26"]
albedo_color = Color(0, 0, 0, 1)
emission_enabled = true
emission = Color(0.30666676, 0.8, 0, 1)

[sub_resource type="BoxShape3D" id="BoxShape3D_0xbmk"]
size = Vector3(1, 1, 0.61450195)

[sub_resource type="AnimationNodeAnimation" id="AnimationNodeAnimation_bdedn"]
animation = &"Braking and slipping"

[sub_resource type="AnimationNodeAnimation" id="AnimationNodeAnimation_u1qbl"]
animation = &"Fetal Pose Y"

[sub_resource type="AnimationNodeAnimation" id="AnimationNodeAnimation_shkaw"]
animation = &"Idle"

[sub_resource type="AnimationNodeAnimation" id="AnimationNodeAnimation_6trtm"]
animation = &"Running"

[sub_resource type="AnimationNodeAnimation" id="AnimationNodeAnimation_g3w26"]
animation = &"Idle"

[sub_resource type="AnimationNodeAnimation" id="AnimationNodeAnimation_nqpke"]
animation = &"Wacking Elf off"

[sub_resource type="AnimationNodeStateMachineTransition" id="AnimationNodeStateMachineTransition_nmsnv"]
advance_mode = 2

[sub_resource type="AnimationNodeStateMachineTransition" id="AnimationNodeStateMachineTransition_44d2q"]
xfade_time = 0.1

[sub_resource type="AnimationNodeStateMachineTransition" id="AnimationNodeStateMachineTransition_t76ml"]
switch_mode = 2
advance_mode = 2

[sub_resource type="AnimationNodeStateMachine" id="AnimationNodeStateMachine_omh4f"]
states/Idle/node = SubResource("AnimationNodeAnimation_g3w26")
states/Idle/position = Vector2(460, 210)
"states/Wacking Elf off/node" = SubResource("AnimationNodeAnimation_nqpke")
"states/Wacking Elf off/position" = Vector2(460, 84)
transitions = ["Start", "Idle", SubResource("AnimationNodeStateMachineTransition_nmsnv"), "Idle", "Wacking Elf off", SubResource("AnimationNodeStateMachineTransition_44d2q"), "Wacking Elf off", "Idle", SubResource("AnimationNodeStateMachineTransition_t76ml")]

[sub_resource type="AnimationNodeAdd2" id="AnimationNodeAdd2_fahhr"]

[sub_resource type="AnimationNodeTimeScale" id="AnimationNodeTimeScale_0j4hg"]

[sub_resource type="AnimationNodeBlend3" id="AnimationNodeBlend3_seofb"]

[sub_resource type="AnimationNodeBlendTree" id="AnimationNodeBlendTree_0xbmk"]
graph_offset = Vector2(-354.1518, -100.23781)
nodes/output/position = Vector2(1080, 180)
nodes/running/node = SubResource("AnimationNodeBlend3_seofb")
nodes/running/position = Vector2(480, 80)
nodes/StateMachine/node = SubResource("AnimationNodeStateMachine_omh4f")
nodes/StateMachine/position = Vector2(780, 300)
nodes/Running/node = SubResource("AnimationNodeAnimation_6trtm")
nodes/Running/position = Vector2(40, 320)
nodes/run_timescale/node = SubResource("AnimationNodeTimeScale_0j4hg")
nodes/run_timescale/position = Vector2(240, 280)
nodes/Animation/node = SubResource("AnimationNodeAnimation_shkaw")
nodes/Animation/position = Vector2(20, 180)
nodes/horns_down/node = SubResource("AnimationNodeAdd2_fahhr")
nodes/horns_down/position = Vector2(760, -20)
"nodes/Animation 2/node" = SubResource("AnimationNodeAnimation_bdedn")
"nodes/Animation 2/position" = Vector2(160, 20)
"nodes/Animation 3/node" = SubResource("AnimationNodeAnimation_u1qbl")
"nodes/Animation 3/position" = Vector2(420, 340)
node_connections = [&"output", 0, &"horns_down", &"running", 0, &"Animation 2", &"running", 1, &"Animation", &"running", 2, &"run_timescale", &"run_timescale", 0, &"Running", &"horns_down", 0, &"running", &"horns_down", 1, &"Animation 3"]

[sub_resource type="Animation" id="Animation_u1qbl"]
length = 0.001
tracks/0/type = "value"
tracks/0/imported = false
tracks/0/enabled = true
tracks/0/path = NodePath("metarig/Skeleton3D/BoneAttachmentOrnaments/HSLights:quaternion")
tracks/0/interp = 1
tracks/0/loop_wrap = true
tracks/0/keys = {
"times": PackedFloat32Array(0),
"transitions": PackedFloat32Array(1),
"update": 0,
"values": [Quaternion(0.023996053, 0.040001646, 0.32017374, 0.9462097)]
}
tracks/1/type = "value"
tracks/1/imported = false
tracks/1/enabled = true
tracks/1/path = NodePath("metarig/Skeleton3D/BoneAttachmentCollar/HSLights2:quaternion")
tracks/1/interp = 1
tracks/1/loop_wrap = true
tracks/1/keys = {
"times": PackedFloat32Array(0),
"transitions": PackedFloat32Array(1),
"update": 0,
"values": [Quaternion(0.023996051, 0.04000165, 0.32017374, 0.9462097)]
}

[sub_resource type="Animation" id="Animation_bdedn"]
resource_name = "holiday_spirit"
loop_mode = 1
tracks/0/type = "value"
tracks/0/imported = false
tracks/0/enabled = true
tracks/0/path = NodePath("metarig/Skeleton3D/BoneAttachmentOrnaments/HSLights:quaternion")
tracks/0/interp = 0
tracks/0/loop_wrap = true
tracks/0/keys = {
"times": PackedFloat32Array(0, 0.099999994, 0.19999999, 0.3, 0.4, 0.5, 0.6, 0.7, 0.8, 0.9, 1),
"transitions": PackedFloat32Array(1, 1, 1, 1, 1, 1, 1, 1, 1, 1, 1),
"update": 0,
"values": [Quaternion(0, 0, 0, 1), Quaternion(1.4901163e-08, 0.45399055, 1.3038518e-08, 0.89100647), Quaternion(0, 0.7089247, 3.7252892e-09, 0.7052842), Quaternion(1.7510363e-16, 0.95105654, 5.587934e-09, 0.30901688), Quaternion(-7.4505815e-09, 0.30901706, -1.6763808e-08, 0.9510565), Quaternion(0, 0.5877854, -5.122274e-09, 0.8090169), Quaternion(0, 0.7089247, 3.7252892e-09, 0.7052842), Quaternion(-2.9802322e-08, 0.8910066, -2.7939677e-09, 0.45399037), Quaternion(-1.4901163e-08, 0.8090172, -3.7252907e-09, 0.58778507), Quaternion(4.215931e-17, 0.15746346, 2.9103835e-09, 0.9875248), Quaternion(0, 1, 0, 4.371139e-08)]
}
tracks/1/type = "value"
tracks/1/imported = false
tracks/1/enabled = true
tracks/1/path = NodePath("metarig/Skeleton3D/BoneAttachmentCollar/HSLights2:quaternion")
tracks/1/interp = 0
tracks/1/loop_wrap = true
tracks/1/keys = {
"times": PackedFloat32Array(0, 0.099999994, 0.19999999, 0.3, 0.4, 0.5, 0.6, 0.7, 0.8, 0.9, 1),
"transitions": PackedFloat32Array(1, 1, 1, 1, 1, 1, 1, 1, 1, 1, 1),
"update": 0,
"values": [Quaternion(0.023996051, 0.04000165, 0.32017374, 0.9462097), Quaternion(0.02108403, 0.4787651, 0.2813195, 0.83138365), Quaternion(0.016594788, 0.7228465, 0.22142005, 0.6543628), Quaternion(0.007238148, 0.95349896, 0.09657651, 0.28541258), Quaternion(0.02259065, 0.33929676, 0.30142212, 0.8907929), Quaternion(0.019084295, 0.6070364, 0.25463757, 0.7525306), Quaternion(0.016594788, 0.7228465, 0.22142005, 0.6543628), Quaternion(0.010645086, 0.89639175, 0.14203478, 0.4197554), Quaternion(0.01380309, 0.8183205, 0.18417124, 0.54428124), Quaternion(0.023564281, 0.19288954, 0.31441268, 0.929184), Quaternion(0, 1, 0, 4.371139e-08)]
}

[sub_resource type="AnimationLibrary" id="AnimationLibrary_shkaw"]
_data = {
&"RESET": SubResource("Animation_u1qbl"),
&"holiday_spirit": SubResource("Animation_bdedn")
}

[sub_resource type="Animation" id="Animation_shkaw"]
resource_name = "deflect"
length = 0.5
tracks/0/type = "value"
tracks/0/imported = false
tracks/0/enabled = true
tracks/0/path = NodePath(".:horns_down")
tracks/0/interp = 1
tracks/0/loop_wrap = true
tracks/0/keys = {
"times": PackedFloat32Array(0, 0.25, 0.5),
"transitions": PackedFloat32Array(1, 1, 1),
"update": 0,
"values": [0.0, 1.0, 0.0]
}

[sub_resource type="Animation" id="Animation_g3w26"]
length = 0.001
tracks/0/type = "value"
tracks/0/imported = false
tracks/0/enabled = true
tracks/0/path = NodePath(".:horns_down")
tracks/0/interp = 1
tracks/0/loop_wrap = true
tracks/0/keys = {
"times": PackedFloat32Array(0),
"transitions": PackedFloat32Array(1),
"update": 0,
"values": [0.0]
}

[sub_resource type="AnimationLibrary" id="AnimationLibrary_g3w26"]
_data = {
&"RESET": SubResource("Animation_g3w26"),
&"deflect": SubResource("Animation_shkaw")
}

[node name="Reindeer" instance=ExtResource("1_34b0x")]
transform = Transform3D(-1, 0, 8.742278e-08, 0, 1, 0, -8.742278e-08, 0, -1, 0, 0, 0)
script = ExtResource("2_7wal2")

[node name="PelletProducer" parent="." index="0" instance=ExtResource("3_tkeya")]
unique_name_in_owner = true
transform = Transform3D(1, 0, 0, 0, 1, 0, 0, 0, 1, 5.6919234e-08, 0.7804715, 0.6140983)

[node name="Skeleton3D" parent="metarig" index="0"]
bones/0/position = Vector3(-1.5021566e-08, 1.0475996, -0.6243254)
bones/0/rotation = Quaternion(0.6748751, 2.178755e-07, 1.426916e-07, 0.737932)
bones/1/rotation = Quaternion(-0.8351274, -2.2056227e-07, -1.9372169e-07, 0.5500565)
bones/2/rotation = Quaternion(0.15741271, -3.092238e-09, -1.9740257e-07, 0.9875329)
bones/3/rotation = Quaternion(-0.01813136, 6.234562e-07, 1.6549324e-08, 0.9998356)
bones/4/rotation = Quaternion(0.123631135, -1.0577933e-06, 1.2386892e-07, 0.9923282)
bones/5/rotation = Quaternion(-0.06695665, 9.554976e-08, 1.4966954e-08, 0.9977559)
bones/6/rotation = Quaternion(-0.08378378, 1.1240556e-06, -9.102583e-08, 0.99648404)
bones/7/rotation = Quaternion(-0.4377261, -0.004759465, -0.015330032, 0.8989652)
bones/8/rotation = Quaternion(-0.08339276, 0.0028867729, -0.0028113134, 0.9965086)
bones/9/rotation = Quaternion(0.6250416, 0.060134172, -0.07982526, 0.7741672)
bones/10/rotation = Quaternion(-0.10381317, -0.170628, 0.61718214, 0.76104873)
bones/11/rotation = Quaternion(-0.10381446, 0.17062953, -0.6171818, 0.7610485)
bones/12/position = Vector3(0.0780042, 0.23866656, -0.055951495)
bones/13/rotation = Quaternion(0.52553236, -0.010455929, 0.17391448, 0.8327426)
bones/14/rotation = Quaternion(-0.2599414, -0.011224384, 0.032679908, 0.96500593)
bones/15/rotation = Quaternion(-0.050601766, 0.023735447, -0.022546005, 0.99818224)
bones/16/rotation = Quaternion(0.0058019045, 0.800983, -0.5986582, -0.00095710374)
bones/17/position = Vector3(-0.078003936, 0.2386665, -0.055951856)
bones/18/rotation = Quaternion(0.52553236, 0.010455936, -0.17391446, 0.8327426)
bones/19/rotation = Quaternion(-0.2599413, 0.011224373, -0.032679897, 0.965006)
bones/20/rotation = Quaternion(-0.0506018, -0.023735443, 0.022546005, 0.99818224)
bones/21/rotation = Quaternion(-0.005801933, 0.8009831, -0.5986583, 0.0009571037)
bones/24/position = Vector3(-2.358284e-07, 0.41590542, 0.13402234)
bones/24/rotation = Quaternion(-0.36191142, -0.0023069421, -0.008935548, 0.9321668)
bones/25/rotation = Quaternion(0.37291172, 0.75211686, -0.3567494, -0.4098622)
bones/27/position = Vector3(0.16346815, -0.033711605, 0.03501077)
bones/27/rotation = Quaternion(0.65134746, -7.604624e-07, 4.8117187e-07, 0.7587796)
bones/28/rotation = Quaternion(0.39967668, -0.015560708, 0.020674959, 0.9162909)
bones/29/rotation = Quaternion(-0.3217355, 0.016364349, -0.01765269, 0.94652367)
bones/30/rotation = Quaternion(0.004621686, 0.8264025, -0.5630579, -0.0018459386)
bones/31/rotation = Quaternion(0.65134746, -5.795551e-07, 6.3646524e-07, 0.7587796)
bones/32/rotation = Quaternion(0.39967668, 0.015560712, -0.020674964, 0.91629094)
bones/33/rotation = Quaternion(-0.32173547, -0.01636434, 0.017652709, 0.9465236)
bones/34/rotation = Quaternion(-0.004621714, 0.8264025, -0.5630579, 0.0018459378)
bones/36/position = Vector3(1.6553983e-07, 0.24841967, -0.0939595)
bones/36/rotation = Quaternion(0.095210895, -1.0298088e-06, 1.0611689e-07, 0.9954571)
bones/37/position = Vector3(-2.6070856e-07, 0.030410042, -0.034903213)
bones/37/rotation = Quaternion(-0.7333768, 1.19170544e-07, 1.7343775e-07, 0.6798224)
bones/38/rotation = Quaternion(0.005258018, -5.2640942e-08, -5.3896983e-08, 0.9999862)

[node name="BoneAttachment3D" type="BoneAttachment3D" parent="metarig/Skeleton3D" index="0"]
transform = Transform3D(0.9999998, -6.426609e-08, -3.007823e-07, -3.043533e-07, -0.06519658, -0.9978879, 4.4522025e-08, 0.99787277, -0.065192826, 6.6719963e-12, 1.1856518, -0.23597533)
bone_name = "spine.015"
bone_idx = 36

[node name="Rockets1" parent="metarig/Skeleton3D/BoneAttachment3D" index="0" instance=ExtResource("3_7wal2")]
transform = Transform3D(1.0000004, -7.2084606e-07, 1.3131368e-07, -1.9017153e-07, -0.08226912, 0.996611, -7.075996e-07, -0.99661094, -0.08226909, 1.6696745e-07, -0.039731666, 0.2649098)
enabled = true
category = 8
stats = ExtResource("5_kqnlp")

[node name="Wings" parent="metarig/Skeleton3D/BoneAttachment3D" index="1" instance=ExtResource("4_0xbmk")]
transform = Transform3D(-1.0000002, -4.6080194e-07, -4.0211984e-07, 4.253356e-07, -0.051553365, -0.9986856, 4.3946608e-07, -0.9986552, 0.051554948, -0.00663417, 0.13393043, 0.092761755)
enabled = true
category = 9
stats = ExtResource("7_vlw85")

[node name="elf" parent="metarig/Skeleton3D/BoneAttachment3D" index="2" instance=ExtResource("6_tyukh")]
transform = Transform3D(-1.0000001, 1.0036416e-13, 8.7422876e-08, -8.715337e-08, -0.07845911, -0.99691737, 6.8589006e-09, -0.9969177, 0.07845908, -0.0025459745, 0.087706886, -0.055452432)

[node name="BoneAttachmentOrnaments" type="BoneAttachment3D" parent="metarig/Skeleton3D" index="1"]
transform = Transform3D(0.9744071, 0.22155331, -0.038022064, -0.013696898, -0.11031501, -0.993818, -0.22437459, 0.9688892, -0.10445283, 0.01676843, 1.5826083, 0.58924985)
bone_name = "spine.011"
bone_idx = 9

[node name="HSLights" type="Node3D" parent="metarig/Skeleton3D/BoneAttachmentOrnaments" index="0"]
unique_name_in_owner = true
transform = Transform3D(3.9588861, -3.0199165, 0.45532855, 3.039114, 3.9691296, -0.098978244, -0.3016704, 0.35512775, 4.978241, -0.0629277, -0.10599032, -0.71060956)
rotation_edit_mode = 1

[node name="MeshInstance3D" type="MeshInstance3D" parent="metarig/Skeleton3D/BoneAttachmentOrnaments/HSLights" index="0"]
transform = Transform3D(0.9354805, 0.3521221, 0.029782135, -0.34219962, 0.92369324, -0.17230831, -0.088183045, 0.15099978, 0.98459244, -0.08659546, 0.0770129, 0.009462625)
mesh = SubResource("SphereMesh_u1qbl")
skeleton = NodePath("../..")
surface_material_override/0 = SubResource("StandardMaterial3D_shkaw")

[node name="MeshInstance3D2" type="MeshInstance3D" parent="metarig/Skeleton3D/BoneAttachmentOrnaments/HSLights" index="1"]
transform = Transform3D(0.96376485, 0.26377386, 0.03976005, -0.24976516, 0.9446478, -0.21273842, -0.093674496, 0.19509894, 0.9762996, 0.03809625, 0.05516051, 0.033219397)
mesh = SubResource("SphereMesh_u1qbl")
skeleton = NodePath("../..")
surface_material_override/0 = SubResource("StandardMaterial3D_g3w26")

[node name="MeshInstance3D3" type="MeshInstance3D" parent="metarig/Skeleton3D/BoneAttachmentOrnaments/HSLights" index="2"]
transform = Transform3D(-0.59211814, -0.13290074, 0.7948169, -0.3846936, 0.9132844, -0.13387695, -0.7081015, -0.38503158, -0.5918979, 0.025322884, 0.0645122, 0.0621033)
mesh = SubResource("SphereMesh_u1qbl")
skeleton = NodePath("../..")
surface_material_override/0 = SubResource("StandardMaterial3D_shkaw")

[node name="MeshInstance3D4" type="MeshInstance3D" parent="metarig/Skeleton3D/BoneAttachmentOrnaments/HSLights" index="3"]
transform = Transform3D(-0.61770535, -0.08647793, 0.7816408, -0.40440628, 0.88737404, -0.22141308, -0.6744603, -0.4528681, -0.5831075, -0.014643185, 0.014320668, 0.002829574)
mesh = SubResource("SphereMesh_u1qbl")
skeleton = NodePath("../..")
surface_material_override/0 = SubResource("StandardMaterial3D_g3w26")

[node name="MeshInstance3D5" type="MeshInstance3D" parent="metarig/Skeleton3D/BoneAttachmentOrnaments/HSLights" index="4"]
transform = Transform3D(-0.6567643, -0.43604827, -0.61524284, -0.33167255, 0.89974785, -0.28363302, 0.677241, 0.017779142, -0.7355472, -0.052596677, 0.02402974, 0.055756927)
mesh = SubResource("SphereMesh_u1qbl")
skeleton = NodePath("../..")
surface_material_override/0 = SubResource("StandardMaterial3D_shkaw")

[node name="MeshInstance3D6" type="MeshInstance3D" parent="metarig/Skeleton3D/BoneAttachmentOrnaments/HSLights" index="5"]
transform = Transform3D(-0.60621023, -0.53542113, -0.5880772, -0.41089845, 0.8439562, -0.34482092, 0.6809356, 0.032606214, -0.7316182, -0.02515563, -0.029030211, 0.054473728)
mesh = SubResource("SphereMesh_u1qbl")
skeleton = NodePath("../..")
surface_material_override/0 = SubResource("StandardMaterial3D_g3w26")

[node name="MeshInstance3D7" type="MeshInstance3D" parent="metarig/Skeleton3D/BoneAttachmentOrnaments/HSLights" index="6"]
transform = Transform3D(0.9960587, 0.04081294, 0.078751974, -0.047460735, 0.99529445, 0.08447981, -0.07493369, -0.087884545, 0.99330795, -0.083154425, 0.024977967, -0.0044215024)
mesh = SubResource("SphereMesh_u1qbl")
skeleton = NodePath("../..")
surface_material_override/0 = SubResource("StandardMaterial3D_shkaw")

[node name="MeshInstance3D8" type="MeshInstance3D" parent="metarig/Skeleton3D/BoneAttachmentOrnaments/HSLights" index="7"]
transform = Transform3D(0.9317329, 0.36218944, 0.026334554, -0.36184767, 0.9320835, -0.016908139, -0.030670017, 0.0062249303, 0.99951005, 0.05477467, -0.022457257, -0.031665727)
mesh = SubResource("SphereMesh_u1qbl")
skeleton = NodePath("../..")
surface_material_override/0 = SubResource("StandardMaterial3D_g3w26")

[node name="MeshInstance3D11" type="MeshInstance3D" parent="metarig/Skeleton3D/BoneAttachmentOrnaments/HSLights" index="8"]
transform = Transform3D(-0.72252935, -0.45963037, 0.516423, -0.64761376, 0.71142817, -0.27288803, -0.24197008, -0.53161174, -0.81168944, 0.054848112, 0.05942187, -0.027258426)
mesh = SubResource("SphereMesh_u1qbl")
skeleton = NodePath("../..")
surface_material_override/0 = SubResource("StandardMaterial3D_shkaw")

[node name="MeshInstance3D12" type="MeshInstance3D" parent="metarig/Skeleton3D/BoneAttachmentOrnaments/HSLights" index="9"]
transform = Transform3D(-0.8347225, -0.26476473, 0.48284468, -0.39419642, 0.89954895, -0.18820931, -0.3845108, -0.3474379, -0.8552423, -0.053502306, 0.05490485, -0.04762417)
mesh = SubResource("SphereMesh_u1qbl")
skeleton = NodePath("../..")
surface_material_override/0 = SubResource("StandardMaterial3D_g3w26")

[node name="MeshInstance3D9" type="MeshInstance3D" parent="metarig/Skeleton3D/BoneAttachmentOrnaments/HSLights" index="10"]
transform = Transform3D(0.7253874, 0.12429878, -0.677026, -0.33351442, 0.92386705, -0.18772027, 0.6021485, 0.3619676, 0.71161616, -0.03672877, -0.03439281, -0.052118093)
mesh = SubResource("SphereMesh_u1qbl")
skeleton = NodePath("../..")
surface_material_override/0 = SubResource("StandardMaterial3D_shkaw")

[node name="MeshInstance3D10" type="MeshInstance3D" parent="metarig/Skeleton3D/BoneAttachmentOrnaments/HSLights" index="11"]
transform = Transform3D(0.8046817, 0.37962425, -0.45647988, -0.19472557, 0.89508784, 0.4011241, 0.5608659, -0.23388854, 0.79418266, 0.03656321, -0.032556262, 0.04286161)
mesh = SubResource("SphereMesh_u1qbl")
skeleton = NodePath("../..")
surface_material_override/0 = SubResource("StandardMaterial3D_g3w26")

[node name="OmniLight3D" type="OmniLight3D" parent="metarig/Skeleton3D/BoneAttachmentOrnaments/HSLights" index="12"]
transform = Transform3D(0.5517675, 8.940697e-08, 1.899898e-07, 0, 0.5517672, -3.0323863e-06, 1.8626451e-09, -3.7252903e-09, 0.5517591, 0, 0, 0)
light_volumetric_fog_energy = 5.0
shadow_enabled = true

[node name="BoneAttachmentCollar" type="BoneAttachment3D" parent="metarig/Skeleton3D" index="2"]
transform = Transform3D(0.99948484, 0.031727355, 0.0048647705, -0.025797276, 0.8841932, -0.4664418, -0.0191, 0.4660664, 0.8845437, -2.3556638e-08, 1.1271229, 0.4011804)
bone_name = "spine.009"
bone_idx = 7

[node name="HSLights2" type="Node3D" parent="metarig/Skeleton3D/BoneAttachmentCollar" index="0"]
unique_name_in_owner = true
transform = Transform3D(5.54244, -4.2278833, 0.63746005, 4.254759, 5.5567822, -0.1385695, -0.4223386, 0.4971789, 6.9695373, 0, 0, 0)
rotation_edit_mode = 1

[node name="MeshInstance3D" type="MeshInstance3D" parent="metarig/Skeleton3D/BoneAttachmentCollar/HSLights2" index="0"]
transform = Transform3D(0.8907889, 0.45281494, 0.03813912, -0.4429196, 0.88394606, -0.14987257, -0.101577505, 0.11661214, 0.9879696, 0.030492358, -0.01288344, 0.085325524)
cast_shadow = 0
mesh = SubResource("SphereMesh_u1qbl")
skeleton = NodePath("../..")
surface_material_override/0 = SubResource("StandardMaterial3D_shkaw")

[node name="MeshInstance3D2" type="MeshInstance3D" parent="metarig/Skeleton3D/BoneAttachmentCollar/HSLights2" index="1"]
transform = Transform3D(0.9327573, 0.34153897, -0.11539392, -0.35887474, 0.9101001, -0.20718923, 0.0342568, 0.234669, 0.97147137, 0.07823343, -0.03533922, -0.00066881254)
cast_shadow = 0
mesh = SubResource("SphereMesh_u1qbl")
skeleton = NodePath("../..")
surface_material_override/0 = SubResource("StandardMaterial3D_g3w26")

[node name="MeshInstance3D3" type="MeshInstance3D" parent="metarig/Skeleton3D/BoneAttachmentCollar/HSLights2" index="2"]
transform = Transform3D(-0.61770535, -0.08647792, 0.78164077, -0.4044063, 0.88737404, -0.22141308, -0.67446023, -0.45286804, -0.5831075, 0.0294438, 0.08653581, 0.049236298)
cast_shadow = 0
mesh = SubResource("SphereMesh_u1qbl")
skeleton = NodePath("../..")
surface_material_override/0 = SubResource("StandardMaterial3D_shkaw")

[node name="MeshInstance3D4" type="MeshInstance3D" parent="metarig/Skeleton3D/BoneAttachmentCollar/HSLights2" index="3"]
transform = Transform3D(-0.6177054, -0.08647796, 0.7816407, -0.4044063, 0.88737404, -0.22141302, -0.6744602, -0.45286804, -0.5831074, -0.023811102, -0.09251121, -0.034047157)
cast_shadow = 0
mesh = SubResource("SphereMesh_u1qbl")
skeleton = NodePath("../..")
surface_material_override/0 = SubResource("StandardMaterial3D_g3w26")

[node name="MeshInstance3D5" type="MeshInstance3D" parent="metarig/Skeleton3D/BoneAttachmentCollar/HSLights2" index="4"]
transform = Transform3D(-0.6725476, -0.3605839, -0.6462663, -0.29642376, 0.93141156, -0.21120252, 0.6780957, 0.049525052, -0.73330367, 0.0034753904, 0.044638813, -0.0762341)
cast_shadow = 0
mesh = SubResource("SphereMesh_u1qbl")
skeleton = NodePath("../..")
surface_material_override/0 = SubResource("StandardMaterial3D_shkaw")

[node name="MeshInstance3D6" type="MeshInstance3D" parent="metarig/Skeleton3D/BoneAttachmentCollar/HSLights2" index="5"]
transform = Transform3D(-0.737329, -0.53588694, -0.41130513, -0.5025584, 0.8420037, -0.19612756, 0.4514224, 0.06209424, -0.8901477, 0.019005984, -0.037014186, 0.08251965)
cast_shadow = 0
mesh = SubResource("SphereMesh_u1qbl")
skeleton = NodePath("../..")
surface_material_override/0 = SubResource("StandardMaterial3D_g3w26")

[node name="MeshInstance3D7" type="MeshInstance3D" parent="metarig/Skeleton3D/BoneAttachmentCollar/HSLights2" index="6"]
transform = Transform3D(0.8947102, 0.44415563, 0.04712011, -0.4438488, 0.8959335, -0.017360836, -0.049927264, -0.005381629, 0.99873805, 0.09651473, 0.011136055, -0.01756823)
cast_shadow = 0
mesh = SubResource("SphereMesh_u1qbl")
skeleton = NodePath("../..")
surface_material_override/0 = SubResource("StandardMaterial3D_shkaw")

[node name="MeshInstance3D8" type="MeshInstance3D" parent="metarig/Skeleton3D/BoneAttachmentCollar/HSLights2" index="7"]
transform = Transform3D(0.9461007, 0.32174313, -0.03708826, -0.32379383, 0.93710285, -0.13036895, -0.0071899295, 0.13535106, 0.99077153, -0.03331483, 0.012538657, -0.0919161)
cast_shadow = 0
mesh = SubResource("SphereMesh_u1qbl")
skeleton = NodePath("../..")
surface_material_override/0 = SubResource("StandardMaterial3D_g3w26")

[node name="MeshInstance3D11" type="MeshInstance3D" parent="metarig/Skeleton3D/BoneAttachmentCollar/HSLights2" index="8"]
transform = Transform3D(-0.8387303, -0.2310167, 0.49311665, -0.3854714, 0.89150214, -0.23798582, -0.3846355, -0.3896879, -0.8367793, 0.08378622, 0.13697398, 0.03561449)
cast_shadow = 0
mesh = SubResource("SphereMesh_u1qbl")
skeleton = NodePath("../..")
surface_material_override/0 = SubResource("StandardMaterial3D_shkaw")

[node name="MeshInstance3D12" type="MeshInstance3D" parent="metarig/Skeleton3D/BoneAttachmentCollar/HSLights2" index="9"]
transform = Transform3D(-0.8387303, -0.23101667, 0.49311662, -0.38547143, 0.89150214, -0.23798585, -0.3846354, -0.38968784, -0.83677924, 0.027917087, 0.07639433, -0.045271724)
cast_shadow = 0
mesh = SubResource("SphereMesh_u1qbl")
skeleton = NodePath("../..")
surface_material_override/0 = SubResource("StandardMaterial3D_g3w26")

[node name="MeshInstance3D9" type="MeshInstance3D" parent="metarig/Skeleton3D/BoneAttachmentCollar/HSLights2" index="10"]
transform = Transform3D(0.69554704, 0.10198784, -0.7112057, -0.30676493, 0.937268, -0.16560557, 0.6497005, 0.33335918, 0.68319947, -0.056773096, -0.052656613, -0.07662486)
cast_shadow = 0
mesh = SubResource("SphereMesh_u1qbl")
skeleton = NodePath("../..")
surface_material_override/0 = SubResource("StandardMaterial3D_shkaw")

[node name="MeshInstance3D10" type="MeshInstance3D" parent="metarig/Skeleton3D/BoneAttachmentCollar/HSLights2" index="11"]
transform = Transform3D(0.7178938, 0.1145578, -0.6866634, -0.32008094, 0.93024164, -0.17944418, 0.61820555, 0.34860933, 0.7044815, 0.06077315, 0.0064401627, -0.05579398)
cast_shadow = 0
mesh = SubResource("SphereMesh_u1qbl")
skeleton = NodePath("../..")
surface_material_override/0 = SubResource("StandardMaterial3D_g3w26")

[node name="OmniLight3D" type="OmniLight3D" parent="metarig/Skeleton3D/BoneAttachmentCollar/HSLights2" index="12"]
transform = Transform3D(0.5517675, 8.940697e-08, 1.899898e-07, 0, 0.5517672, -3.0323863e-06, 1.8626451e-09, -3.7252903e-09, 0.5517591, 0, 0, 0)
light_volumetric_fog_energy = 5.0
shadow_enabled = true

[node name="Cube" parent="metarig/Skeleton3D" index="3"]
visible = false

[node name="Cube_001" parent="metarig/Skeleton3D" index="4"]
visible = false

[node name="Cube_002" parent="metarig/Skeleton3D" index="5"]
visible = false

[node name="Cube_003" parent="metarig/Skeleton3D" index="6"]
visible = false

[node name="Cube_004" parent="metarig/Skeleton3D" index="7"]
visible = false

[node name="Cube_005" parent="metarig/Skeleton3D" index="8"]
visible = false

[node name="Cube_006" parent="metarig/Skeleton3D" index="9"]
visible = false

[node name="Cube_007" parent="metarig/Skeleton3D" index="10"]
visible = false

[node name="Cube_008" parent="metarig/Skeleton3D" index="11"]
visible = false

[node name="Cube_009" parent="metarig/Skeleton3D" index="12"]
visible = false

[node name="Cube_010" parent="metarig/Skeleton3D" index="13"]
visible = false

[node name="Cylinder" parent="metarig/Skeleton3D" index="14"]
visible = false

[node name="U AntlersBIG UPGRADE" parent="metarig/Skeleton3D" index="20"]
script = ExtResource("2_16e41")
enabled = true
category = 3
stats = ExtResource("10_tp044")

[node name="CollisionShape3D" type="CollisionShape3D" parent="metarig/Skeleton3D/U AntlersBIG UPGRADE" index="0"]
transform = Transform3D(0.99999964, 0, 0, 0, 0.99999964, 0, 0, 0, 0.99999964, 0, 2.0858052, 0.77564067)
shape = SubResource("BoxShape3D_0xbmk")

[node name="U AntlersSMALL" parent="metarig/Skeleton3D" index="21"]
script = ExtResource("2_16e41")
overridden_by = 3
category = 2
stats = ExtResource("11_ebm55")

[node name="U Collar UPGRADE" parent="metarig/Skeleton3D" index="22"]
unique_name_in_owner = true
script = ExtResource("2_16e41")
category = 5
stats = ExtResource("12_bdedn")

[node name="U Ornaments UPGRADE" parent="metarig/Skeleton3D" index="23"]
unique_name_in_owner = true
script = ExtResource("2_16e41")
category = 4
stats = ExtResource("13_u1qbl")

[node name="U Sadle UPGRADE" parent="metarig/Skeleton3D" index="24"]
transform = Transform3D(0.99999994, 0, 0, 0, 0.99999994, 0, 0, 0, 0.99999994, 0, 0, 0)

[node name="AnimationTree" type="AnimationTree" parent="." index="4"]
unique_name_in_owner = true
root_node = NodePath("%AnimationTree/..")
tree_root = SubResource("AnimationNodeBlendTree_0xbmk")
anim_player = NodePath("../AnimationPlayer")
parameters/running/blend_amount = 0.0
parameters/run_timescale/scale = 1.0
parameters/horns_down/add_amount = 0.0

[node name="AnimateHolidaySpirit" type="AnimationPlayer" parent="." index="5"]
unique_name_in_owner = true
libraries = {
&"": SubResource("AnimationLibrary_shkaw")
}

[node name="AudioHolidaySpirit" type="AudioStreamPlayer3D" parent="." index="6"]
unique_name_in_owner = true
stream = ExtResource("14_bdedn")

[node name="AnimateDeflect" type="AnimationPlayer" parent="." index="7"]
unique_name_in_owner = true
libraries = {
&"": SubResource("AnimationLibrary_g3w26")
}

[connection signal="visibility_changed" from="metarig/Skeleton3D/Cube" to="." method="_on_cube_visibility_changed"]
