[gd_scene load_steps=6 format=3 uid="uid://c4wlvqxeux131"]

[ext_resource type="Script" uid="uid://dew4x2pl8l3ol" path="res://Scenes/environment/icicle_cluster.gd" id="1_e7wi4"]
[ext_resource type="PackedScene" uid="uid://cm7pja7sld27" path="res://Scenes/environment/icicle_cluster_parts.tscn" id="2_w58yk"]
[ext_resource type="PackedScene" uid="uid://c8qk1j5ptaold" path="res://Assets/environment/snow_block_wide.gltf" id="3_5nfyj"]
[ext_resource type="CylinderMesh" uid="uid://ydwrhm7aesqk" path="res://Scenes/environment/icicle_mesh.tres" id="4_g85dw"]

[sub_resource type="ConvexPolygonShape3D" id="ConvexPolygonShape3D_7jryd"]
points = PackedVector3Array(0.23065522, 0.015899517, 0.47683507, -0.2294964, -0.016927995, -0.47665617, -0.22963263, 0.015826564, -0.47693843, 1.0666056, 0.016084036, -0.35091165, 1.0642962, -0.25, 0.24832676, -1.0642962, -0.25, 0.24832676, -1.0690372, 0.25, 0.24943788, 1.0690372, 0.25, 0.24943788, -0.91799426, 0.24536325, -0.31245747, -0.68780357, -0.24620886, -0.37767053, 0.68821424, 0.24524438, -0.37789539, 0.6878029, -0.24620864, -0.3776702, -1.0659697, -0.017185265, -0.35070312, -0.6907391, -0.2472573, 0.37714875, -0.35764596, 0.24341552, 0.40546596, -0.86230016, 0.016002147, 0.413439, 0.6907395, -0.24725747, 0.377149, 1.0642962, -0.25, -0.25045466, 1.0690372, 0.25, -0.25156537, 0.86229986, 0.016002141, 0.41343886, -1.0642962, -0.25, -0.25045466, 0.69114953, 0.24629274, 0.37737352, 0.6242092, 0.015849989, -0.4445954, -0.032450166, 0.21115497, -0.44075096, -1.0690372, 0.25, -0.25156537, -0.064994894, -0.21190995, 0.43788132, 0.0324308, -0.21213979, -0.4404886, -0.8241064, 0.04886951, -0.41309333, -0.23051819, -0.017000891, 0.47655115, -0.68821347, 0.24524412, -0.37789494, 1.0505146, -0.04976953, 0.3435054, -1.0505136, -0.04976948, 0.34350508)

[node name="IcicleCluster" type="RigidBody3D"]
sleeping = true
contact_monitor = true
max_contacts_reported = 2
script = ExtResource("1_e7wi4")
replace_with = ExtResource("2_w58yk")
destroy_after = 1

[node name="snow_block_wide" parent="." instance=ExtResource("3_5nfyj")]
transform = Transform3D(1.5, 0, 0, 0, 1.2, 0, 0, 0, 1.2, 0, 0, 0)

[node name="CollisionShape3D7" type="CollisionShape3D" parent="."]
transform = Transform3D(0.5, 0, 0, 0, 0.5, 0, 0, 0, 0.5, 0, 0, 0)
shape = SubResource("ConvexPolygonShape3D_7jryd")

[node name="CollisionShape3D4" type="CollisionPolygon3D" parent="."]
transform = Transform3D(0.9992802, -0.0378914, -0.0018048072, -0.022282789, -0.6248205, 0.7804506, -0.030700035, -0.7798486, -0.62521505, -0.41536847, -0.061668254, -0.10620005)
depth = 0.125
polygon = PackedVector2Array(-0.125, 0, 0.125, 0, 0, 0.5)

[node name="MeshInstance3D" type="MeshInstance3D" parent="CollisionShape3D4"]
transform = Transform3D(0.5, 0, 0, 0, -0.5, 7.54979e-08, 0, -7.54979e-08, -0.5, 0, 0.2741788, 2.3966404e-08)
mesh = ExtResource("4_g85dw")

[node name="CollisionShape3D5" type="CollisionPolygon3D" parent="."]
transform = Transform3D(0.9993019, 0.037356205, -0.0004407632, 0.022677371, -0.59717345, 0.8017915, 0.029688675, -0.8012417, -0.5976037, -0.2122524, -0.02169499, -0.1301093)
depth = 0.125
polygon = PackedVector2Array(-0.125, 0, 0.125, 0, 0, 0.5)

[node name="MeshInstance3D" type="MeshInstance3D" parent="CollisionShape3D5"]
transform = Transform3D(0.5, 0, 0, 0, -0.5, 7.54979e-08, 0, -7.54979e-08, -0.5, 1.1641532e-10, 0.27223623, 8.771922e-09)
mesh = ExtResource("4_g85dw")

[node name="CollisionShape3D" type="CollisionPolygon3D" parent="."]
transform = Transform3D(1, 0, 0, 0, -0.644137, 0.76491016, 0, -0.76491016, -0.644137, -2.3283064e-10, 0.0047407784, -0.14187369)
depth = 0.125
polygon = PackedVector2Array(-0.125, 0, 0.125, 0, 0, 0.5)

[node name="MeshInstance3D" type="MeshInstance3D" parent="CollisionShape3D"]
transform = Transform3D(0.5, 0, 0, 0, -0.5, 7.54979e-08, 0, -7.54979e-08, -0.5, 0, 0.26139095, 7.1343322e-09)
mesh = ExtResource("4_g85dw")

[node name="CollisionShape3D3" type="CollisionPolygon3D" parent="."]
transform = Transform3D(0.99684846, 0.079239205, 0.003774251, 0.05051502, -0.6707368, 0.7399731, 0.061166417, -0.7374505, -0.6726259, 0.25213352, 0.049799804, -0.05343776)
depth = 0.125
polygon = PackedVector2Array(-0.125, 0, 0.125, 0, 0, 0.5)

[node name="MeshInstance3D" type="MeshInstance3D" parent="CollisionShape3D3"]
transform = Transform3D(0.5, 0, 0, 0, -0.5, 7.54979e-08, 0, -7.54979e-08, -0.5, 2.7939677e-09, 0.24959636, 5.353396e-09)
mesh = ExtResource("4_g85dw")

[node name="CollisionShape3D6" type="CollisionPolygon3D" parent="."]
transform = Transform3D(0.99638546, -0.08463973, -0.007223447, -0.051564373, -0.6702066, 0.7403812, -0.06750686, -0.7373326, -0.67214847, 0.40805697, 0.015920598, -0.094178826)
depth = 0.125
polygon = PackedVector2Array(-0.125, 0, 0.125, 0, 0, 0.5)

[node name="MeshInstance3D" type="MeshInstance3D" parent="CollisionShape3D6"]
transform = Transform3D(0.5, 0, 0, 0, -0.5, 7.54979e-08, 0, -7.54979e-08, -0.5, -2.7939677e-09, 0.28070208, 1.7500813e-08)
mesh = ExtResource("4_g85dw")
